0.63
0.47
0.42
1.72
0.81
1.36
0.42
0.46
0.96
0.46
0.97
1.82
2.28
1.74
2.64
0.54
1.79
0.69
0.69
0.81
0.85
1.64
0.47
1.02
0.42
1.10
0.60
0.91
0.88
0.76
0.62
0.65
1.51
0.76
0.50
0.51
0.50
0.61
0.62
0.45
0.87
1.59
0.93
0.54
1.31
0.59
0.56
0.85
1.52
1.09
1.16
0.41
0.79
1.16
3.52
3.38
4.80
5.19
2.87
2.78
4.34
2.34
4.38
1.58
1.85
0.32
0.67
0.39
0.69
0.90
0.60
0.45
0.58
0.55
0.45
0.34
0.84
0.70
0.49
19.44
16.88
25.28
22.18
24.72
19.67
11.07
24.49
15.42
24.48
13.55
16.96
19.29
17.79
22.21
19.40
15.97
11.30
23.82
20.20
16.64
15.36
18.44
3.77
6.61
1.62
8.97
8.53
13.63
14.38
10.55
9.77
9.48
8.06
17.76
20.16
19.25
22.40
10.31
10.95
13.74
11.19
16.57
13.60
12.82
16.63
18.87
20.70
12.97
17.17
16.36
12.62
12.84
15.80
16.66
14.08
18.63
17.58
24.51
11.53
9.13
14.16
17.53
17.25
14.01
17.58
16.11
13.88
14.43
13.29
12.26
13.14
12.69
12.81
16.01
19.49
15.06
20.64
25.16
20.59
18.74
15.84
24.08
20.46
17.37
16.73
17.88
16.37
5.72
3.11
19.44
13.45
22.40
18.55
18.38
16.78
11.60
17.88
11.65
15.45
9.88
12.63
12.23
9.73
14.34
14.19
14.12
15.39
22.75
20.42
14.92
15.92
16.49
11.71
10.52
20.57
15.92
20.80
22.48
21.57
20.41
20.02
24.43
27.22
23.88
19.92
19.92
24.83
20.62
17.44
16.44
20.40
12.98
27.40
18.83
16.64
16.16
14.23
10.52
6.78
2.32
2.32
2.13
8.22
6.50
19.87
19.48
21.20
21.13
24.64
20.04
19.84
18.48
20.47
23.91
18.56
26.95
19.96
18.23
15.16
16.41
15.41
12.36
7.21
11.40
7.49
8.93
6.96
13.49
17.76
18.46
11.82
18.05
16.59
7.44
6.04
7.27
5.20
4.26
5.12
4.72
4.85
8.52
11.85
9.68
9.31
4.69
4.67
4.03
3.96
19.26
17.88
25.90
17.72
17.17
18.51
23.91
17.41
19.76
22.53
18.70
15.92
13.40
9.28
14.75
11.10
10.82
11.29
11.26
9.34
18.72
10.24
13.09
10.66
15.41
7.53
13.33
14.22
9.73
13.22
12.12
19.68
14.59
15.59
17.56
14.95
9.91
19.96
20.25
18.27
14.19
14.42
22.13
4.08
3.02
16.95
16.96
19.09
16.43
17.68
20.68
25.82
22.13
18.63
13.19
22.60
21.67
17.23
17.01
19.90
26.98
4.24
4.34
4.99
3.94
4.04
3.08
2.17
1.05
1.05
0.92
4.25
2.67
3.56
3.34
2.06
1.90
2.60
3.12
1.03
1.03
0.90
0.96
1.01
0.66
0.55
0.67
0.78
1.39
2.23
2.27
3.08
2.55
2.49
2.49
2.01
2.59
1.74
1.74
1.48
1.27
1.30
2.08
0.91
0.58
0.47
3.20
2.48
2.23
4.84
2.97
2.70
2.48
2.01
1.92
1.33
2.32
1.74
1.72
2.07
1.03
1.24
2.86
2.54
4.89
3.66
2.67
1.83
1.11
1.31
3.64
3.20
3.96
4.10
2.64
2.47
3.46
3.08
5.04
4.86
2.94
4.45
2.54
2.78
3.31
1.14
2.40
5.62
5.21
5.03
3.06
4.07
3.91
3.52
2.04
3.22
2.58
4.70
1.19
1.27
3.25
2.61
2.57
3.42
6.75
2.76
5.02
1.18
2.89
2.15
1.22
1.55
3.43
2.31
2.09
4.04
4.45
2.87
2.35
2.33
4.58
2.93
2.47
3.38
3.76
4.57
4.17
2.95
5.74
5.40
3.20
3.83
3.68
2.27
1.79
1.23
3.02
1.15
3.06
1.98
0.68
1.51
1.08
0.99
0.69
0.87
0.72
0.40
0.40
0.55
0.86
1.00
0.35
1.02
0.79
0.93
1.14
1.05
0.88
0.85
0.75
2.41
1.95
1.42
0.83
0.69
0.82
1.77
0.62
0.56
0.49
5.55
2.89
2.28
0.84
1.05
0.73
0.99
0.92
1.22
1.16
2.55
1.60
2.72
0.93
0.89
0.65
1.00
1.56
0.75
1.25
2.01
1.32
1.54
4.04
1.56
1.13
1.16
1.90
1.22
0.78
5.31
0.91
1.02
4.15
2.70
0.75
1.82
2.40
1.74
1.21
3.44
2.89
2.42
1.23
2.24
1.03
0.47
0.71
1.94
1.22
3.17
0.68
1.13
1.05
1.63
0.54
1.08
0.52
0.48
0.44
0.44
0.59
0.87
0.47
0.91
0.71
1.02
0.75
0.54
0.49
0.68
0.53
1.24
3.98
3.97
5.85
1.59
1.17
2.32
3.97
4.85
2.95
3.33
2.75
3.92
7.13
4.48
3.93
7.10
5.53
3.52
5.16
1.24
2.83
3.39
3.66
3.13
1.27
2.11
1.66
1.28
2.97
3.13
2.24
3.47
2.63
5.23
3.29
3.52
4.03
4.29
4.59
2.53
3.15
2.74
2.60
2.05
2.54
3.35
2.72
0.68
0.43
0.61
0.79
0.46
0.49
0.67
1.20
0.90
0.75
0.75
0.70
0.95
1.05
1.77
1.85
1.73
0.93
0.98
0.88
1.24
0.49
1.57
1.55
0.71
0.55
0.72
0.59
1.06
0.55
0.83
0.46
0.50
0.86
0.92
0.43
0.72
1.53
1.78
0.88
1.14
1.38
0.54
0.65
0.92
1.17
0.97
1.40
2.00
0.67
0.66
2.59
0.66
0.88
1.26
1.34
1.60
2.24
0.89
0.78
0.89
1.33
1.85
1.44
1.49
1.66
1.94
0.61
0.65
0.69
0.44
1.32
0.68
0.96
0.52
0.78
0.54
0.65
0.43
0.57
0.83
0.50
0.64
0.64
0.91
1.22
0.77
0.86
0.57
0.56
0.99
0.94
0.74
1.02
0.66
0.74
1.17
1.86
0.50
0.46
0.69
1.98
1.84
2.62
2.75
2.82
2.50
2.14
1.07
2.16
2.72
3.94
2.78
1.38
2.18
2.03
2.10
3.51
2.68
2.82
2.38
1.87
2.38
2.60
2.26
2.48
2.19
2.16
2.05
2.32
1.83
3.44
3.36
2.84
0.28
0.29
0.50
0.66
0.64
1.01
0.46
0.44
0.65
1.88
1.16
1.26
1.12
1.04
2.26
0.93
0.56
1.45
0.65
1.30
0.85
1.51
1.77
1.73
0.96
1.82
3.35
2.40
2.85
2.58
2.25
1.70
2.32
2.03
2.02
2.01
1.34
1.72
2.29
2.16
3.77
2.58
5.62
1.73
1.35
1.65
4.27
0.74
3.77
1.44
1.07
2.35
2.73
2.43
2.33
1.45
1.06
1.42
1.61
1.80
1.70
1.22
1.50
1.53
0.90
0.83
0.58
0.51
0.54
1.07
0.48
0.51
0.68
0.41
0.49
0.46
2.44
1.21
2.16
3.25
2.75
1.70
1.41
2.26
1.53
2.59
0.57
2.20
2.00
1.27
2.57
2.31
0.96
0.40
0.45
0.54
1.52
0.80
0.82
0.39
0.74
0.52
0.79
0.54
0.65
0.81
1.50
1.79
0.54
1.93
2.98
2.87
3.88
6.71
4.44
6.17
5.56
6.38
5.86
3.63
3.92
2.20
3.80
2.45
2.12
1.21
1.24
1.29
1.53
2.35
1.96
1.78
0.85
0.87
3.15
8.45
9.85
4.06
5.36
2.13
2.53
2.86
3.02
2.99
2.86
3.26
5.81
3.81
3.48
3.28
7.02
4.20
3.84
3.20
3.11
3.05
6.46
4.65
6.76
4.85
9.01
6.38
3.28
5.76
6.35
3.32
4.58
2.39
3.19
4.84
4.77
5.18
5.67
11.50
4.11
2.76
2.02
2.59
3.02
6.19
11.23
6.14
6.65
3.96
7.61
6.66
4.27
1.09
0.52
1.09
1.25
1.14
1.63
3.19
4.38
5.19
1.96
4.70
6.42
3.76
7.67
4.43
4.16
7.66
9.43
5.51
2.89
3.28
3.79
3.38
3.66
4.95
9.45
6.96
4.78
6.83
13.50
5.53
7.29
7.47
4.00
2.99
3.69
4.39
4.10
2.87
6.03
5.15
7.01
4.20
4.37
6.09
4.40
5.69
1.96
2.89
7.01
4.11
8.05
10.87
3.01
2.66
3.16
1.80
2.48
1.57
1.20
3.73
1.62
1.21
1.87
0.57
1.46
3.03
1.52
3.15
1.59
1.15
1.52
1.98
0.51
1.77
0.81
3.68
3.32
2.56
0.68
1.10
0.54
1.43
1.57
0.69
0.25
0.44
1.11
0.94
1.28
0.97
0.93
1.91
0.65
1.15
0.35
0.65
1.11
1.48
1.09
1.21
0.89
1.14
1.52
0.82
1.39
1.08
2.14
0.65
1.64
1.14
1.50
1.76
1.36
1.65
2.21
1.11
0.80
2.28
4.84
0.93
1.31
2.10
2.63
2.64
1.84
0.39
1.88
0.98
0.97
1.12
0.95
1.80
1.99
1.98
1.63
1.26
0.60
0.67
0.49
0.46
0.43
0.48
0.67
1.22
0.43
0.57
0.53
0.48
0.49
0.48
0.56
0.92
0.39
0.84
0.58
0.93
0.90
0.49
1.21
1.38
2.50
0.79
0.56
1.01
0.93
0.88
2.78
2.90
2.34
2.79
3.92
3.23
3.36
2.43
3.12
3.35
6.49
5.63
3.14
3.18
3.02
3.88
9.23
1.77
1.73
2.53
3.95
4.33
7.04
6.00
4.76
6.73
3.78
2.47
4.63
3.96
7.88
6.27
5.26
4.30
2.44
0.59
0.45
1.07
3.06
3.28
3.39
2.66
2.78
4.35
4.15
3.99
3.87
3.04
5.16
6.03
3.09
4.15
3.98
3.57
5.43
3.09
3.34
4.57
2.16
3.49
3.01
4.44
6.69
1.44
2.42
1.92
0.82
0.66
0.84
1.00
0.49
1.08
0.72
1.04
1.17
0.77
0.74
0.61
1.46
0.88
0.92
1.03
1.81
2.30
1.24
0.77
0.64
0.91
2.41
0.96
1.26
1.55
2.95
0.69
0.43
0.42
0.33
0.34
1.54
0.90
0.73
0.48
0.47
0.99
0.76
0.53
1.13
1.25
0.93
0.56
0.99
0.45
1.12
0.50
0.52
2.43
2.77
1.63
0.40
0.58
1.14
0.79
0.61
0.76
1.32
1.25
0.71
0.70
0.79
1.04
1.31
1.06
1.81
2.59
1.66
1.06
0.94
1.39
0.86
1.38
1.74
1.60
1.11
1.14
1.94
0.81
0.95
2.51
2.37
1.07
1.99
0.34
0.40
0.46
0.62
0.62
0.55
0.55
0.94
0.79
0.59
1.03
1.05
0.56
0.50
0.63
2.48
0.77
1.17
1.01
0.65
2.03
0.88
2.54
1.57
3.12
1.62
0.84
0.70
2.76
1.90
2.39
2.11
1.89
1.52
1.95
2.03
1.08
3.41
0.55
1.09
1.34
2.24
1.14
2.09
3.10
3.41
3.76
6.26
6.15
4.27
2.48
0.53
3.10
2.77
3.14
2.12
2.09
1.98
1.26
2.59
0.54
4.15
3.71
2.03
2.14
4.06
2.69
5.27
2.53
2.28
1.44
4.47
3.52
2.51
1.28
1.04
0.70
0.73
0.50
0.94
0.81
0.93
0.74
0.69
2.14
1.13
0.57
2.02
2.49
2.27
1.50
1.06
0.74
1.31
2.47
2.52
1.14
2.22
2.47
1.70
2.31
1.28
2.02
1.18
2.14
5.94
0.59
2.21
1.54
3.04
1.01
2.46
1.03
1.95
1.14
0.84
1.43
1.15
0.96
1.58
4.92
1.35
1.27
1.57
1.07
0.87
3.13
0.91
2.90
1.11
0.77
1.55
1.15
0.89
0.54
0.58
0.39
0.57
0.35
1.33
1.03
1.47
0.88
0.99
2.35
0.47
2.15
1.15
0.87
2.35
2.74
1.12
2.28
1.69
0.70
0.65
0.73
1.16
0.98
0.62
1.60
1.32
1.01
1.01
1.35
1.81
0.26
0.35
0.88
0.51
2.72
0.57
1.41
1.48
0.68
0.54
0.92
1.75
0.74
0.88
0.65
0.98
1.56
0.71
1.19
1.58
0.91
2.16
0.40
0.96
0.28
0.48
1.61
0.75
0.62
0.84
1.27
2.12
0.57
1.81
0.75
0.79
1.71
1.69
1.80
1.35
4.76
1.57
1.11
1.22
0.74
0.43
0.67
1.83
3.44
2.24
0.54
0.76
2.61
1.55
4.04
0.93
1.58
2.77
1.67
2.35
2.04
1.46
1.55
1.90
2.46
2.54
2.36
3.01
3.39
1.62
1.33
1.45
1.75
3.30
3.42
2.40
1.37
2.61
1.76
1.47
1.71
1.71
0.76
0.31
0.72
0.45
0.40
1.70
1.12
1.46
1.17
0.45
0.81
1.19
1.75
1.41
1.20
2.49
0.88
1.18
0.97
2.46
0.84
1.36
0.61
0.93
2.18
0.75
1.03
1.08
0.52
0.98
0.52
2.41
1.42
2.74
2.46
3.86
0.89
0.48
0.63
0.50
2.00
0.68
0.95
1.37
1.14
1.18
1.19
6.20
2.78
2.16
5.79
1.51
2.56
3.12
1.84
4.06
6.03
6.91
5.11
3.02
0.91
0.62
0.53
1.37
1.65
2.46
1.01
0.47
0.44
2.22
6.47
2.44
4.32
3.54
2.54
0.35
3.18
2.49
9.14
2.05
2.64
1.88
4.02
1.09
0.86
1.51
3.20
1.58
1.88
2.21
3.16
5.86
4.04
2.62
3.43
3.36
0.78
1.25
1.95
3.75
2.14
2.19
3.26
2.36
0.45
0.91
0.41
0.53
0.57
0.95
0.95
0.59
0.33
0.54
1.67
0.76
0.52
0.59
0.89
4.86
6.04
3.32
3.04
4.28
2.36
3.95
2.24
3.52
2.53
3.93
2.37
5.36
7.88
3.21
2.93
1.52
8.05
2.45
3.20
2.61
4.92
2.95
3.03
7.82
2.88
1.52
1.62
2.59
3.28
5.88
7.55
4.73
6.63
0.63
1.12
0.69
2.65
3.98
1.54
4.05
3.45
4.56
3.45
5.30
4.69
5.61
5.04
2.46
7.29
6.94
6.02
4.64
6.54
2.73
0.89
2.86
2.36
2.62
1.08
0.88
0.95
0.77
0.74
1.87
1.18
0.84
1.17
0.35
0.37
0.27
0.36
0.96
0.41
0.45
0.87
0.28
0.40
0.83
0.30
0.73
0.96
0.97
0.89
1.43
0.29
0.91
0.78
0.47
0.95
1.15
1.19
1.08
1.03
0.53
0.48
1.82
1.16
0.56
0.84
1.02
2.08
0.78
1.47
0.50
0.74
1.03
0.58
1.20
1.06
0.76
0.86
1.05
1.46
0.89
0.47
0.57
0.44
1.01
2.92
2.76
5.05
3.96
3.04
4.19
2.89
2.40
0.69
3.25
1.26
2.97
5.35
4.16
2.49
5.96
6.56
3.74
1.96
5.61
6.23
3.90
2.94
3.38
1.86
2.02
1.95
1.59
3.62
3.45
4.23
3.12
4.74
6.38
4.42
4.27
3.04
0.84
1.37
1.14
0.75
2.98
4.03
4.83
2.75
3.52
2.98
4.04
4.63
4.79
3.18
6.96
4.79
2.83
4.71
7.75
3.95
3.01
4.41
1.77
0.55
2.70
1.24
1.02
2.56
1.59
0.75
0.33
0.75
1.38
0.86
0.43
0.41
1.33
0.58
1.13
0.43
8.64
5.57
5.08
6.94
7.83
8.41
8.08
3.11
2.11
2.44
1.87
3.82
2.11
2.06
2.08
1.61
5.11
7.48
5.80
6.06
6.40
3.48
3.32
6.06
4.64
4.31
5.80
5.53
5.21
2.40
2.87
5.30
3.16
6.04
4.17
4.62
10.46
7.03
18.52
6.21
7.17
3.39
3.37
2.46
2.66
4.54
3.50
7.41
8.12
5.03
2.57
4.07
4.75
5.89
9.18
16.95
6.09
10.97
7.49
9.47
13.02
17.17
2.59
2.63
2.54
2.50
10.42
12.20
7.29
1.77
6.89
6.71
3.08
2.90
2.98
3.35
6.53
7.58
3.28
2.44
2.74
3.52
2.60
3.84
2.93
3.72
3.39
2.50
3.05
3.91
10.62
2.85
9.03
5.82
6.46
3.79
4.55
3.53
3.64
3.53
5.11
2.71
5.27
3.85
3.07
7.67
6.46
5.38
4.30
11.29
4.48
6.41
7.06
5.98
1.99
1.53
6.27
2.59
3.30
3.78
1.26
1.87
1.41
2.42
2.55
3.06
3.24
4.56
1.38
1.54
2.42
2.49
2.69
3.43
3.24
0.68
0.63
1.18
1.27
0.70
1.10
0.79
1.00
0.96
0.90
1.29
0.85
0.79
0.92
0.91
1.73
1.71
0.41
1.96
0.80
2.16
1.51
1.17
1.09
1.33
1.30
1.74
0.81
0.51
0.82
0.48
0.36
1.08
0.67
0.40
0.55
0.50
0.76
0.65
0.41
0.80
0.91
1.26
1.42
0.49
0.49
0.60
0.59
1.95
3.16
2.05
2.02
1.36
1.55
2.31
1.37
2.29
2.54
3.05
2.27
2.17
5.81
3.46
2.10
1.55
0.58
2.42
1.72
3.23
3.39
1.15
2.08
1.31
1.55
1.85
1.81
1.98
1.33
1.72
1.12
2.79
2.10
2.18
0.93
1.03
0.45
0.97
0.42
0.71
0.47
0.45
0.65
0.58
0.85
0.57
0.91
1.26
1.01
0.70
1.17
0.73
0.65
0.77
0.79
0.80
0.99
0.52
1.22
0.71
0.49
1.19
1.10
0.58
1.46
0.90
1.43
0.88
0.52
0.47
0.43
0.62
0.39
0.44
0.55
0.94
0.81
1.61
0.95
0.42
0.58
4.90
2.90
1.96
2.90
2.71
2.49
1.86
2.35
3.27
1.08
0.61
2.96
1.58
1.54
4.02
2.26
4.54
3.05
2.40
1.07
2.92
2.67
2.51
2.66
2.39
4.17
2.72
2.60
2.83
5.60
3.83
3.31
3.18
2.89
3.04
2.75
0.86
2.62
2.04
1.96
2.20
1.44
1.80
1.86
4.08
4.03
2.96
5.34
2.73
2.72
2.04
1.64
2.61
2.49
2.98
2.54
1.46
0.61
0.85
3.02
1.42
1.85
0.76
1.06
1.35
1.79
0.46
1.02
0.94
1.38
1.79
0.79
0.79
0.82
0.48
14.97
9.49
19.94
16.53
12.87
14.61
15.42
13.95
14.02
21.57
19.00
14.08
15.25
18.76
23.23
18.94
17.83
20.57
12.95
25.81
18.98
13.82
18.27
1.70
9.11
14.32
8.99
15.03
15.26
11.29
9.03
19.27
12.52
14.17
15.71
9.24
12.97
13.91
13.20
20.16
21.19
17.55
18.99
15.23
17.14
19.39
18.23
19.33
14.70
1.03
11.79
16.34
18.30
13.98
18.93
21.59
22.09
18.15
17.28
25.63
29.11
23.31
18.07
20.99
22.04
3.89
1.70
1.30
0.73
18.53
12.86
22.04
17.38
12.84
16.93
10.18
9.10
1.54
9.95
15.84
18.00
14.08
18.72
26.86
22.70
18.90
20.40
24.04
25.81
23.55
17.63
18.81
23.94
1.90
1.17
10.32
15.38
15.49
18.49
15.58
16.91
17.05
14.51
13.62
13.44
17.48
15.15
15.88
10.25
20.01
15.51
13.09
15.17
19.44
16.72
17.00
15.60
4.39
3.98
4.87
3.81
16.83
15.36
22.25
16.39
26.46
20.74
15.95
19.16
21.36
21.80
18.90
18.76
17.25
21.24
23.40
20.39
19.43
24.47
18.62
27.51
20.20
17.67
18.14
5.68
3.46
2.81
4.34
3.83
11.12
12.65
13.48
12.18
17.22
7.66
1.07
18.18
12.44
22.19
22.97
23.42
19.79
19.74
1.86
17.31
14.42
19.35
21.86
17.83
17.42
16.30
15.41
13.22
9.04
16.51
13.02
16.05
17.35
19.92
15.49
16.90
25.42
12.65
17.22
13.56
18.60
11.91
7.35
9.40
8.32
5.24
5.79
6.61
14.41
5.84
6.27
14.98
13.66
10.89
4.57
18.77
15.63
23.18
24.55
12.52
12.28
21.54
23.94
19.41
17.41
6.64
11.34
9.95
10.37
12.50
13.26
13.35
15.38
17.16
22.27
23.16
17.26
26.36
16.14
14.46
20.87
2.16
3.78
10.61
10.22
6.29
7.83
9.93
12.51
17.93
16.07
16.46
17.63
21.91
24.74
22.01
14.49
15.73
22.36
1.55
13.18
14.70
15.86
19.86
16.79
17.04
20.21
21.46
19.32
17.38
24.80
29.11
19.91
23.00
21.73
20.44
4.11
4.42
1.95
1.90
1.95
4.85
4.05
4.44
1.53
1.04
4.72
3.00
3.69
2.47
5.10
1.28
0.82
2.34
3.70
1.21
2.59
2.53
3.94
1.75
4.72
3.62
3.82
3.89
3.64
2.54
4.50
2.49
2.60
2.76
1.04
2.08
3.95
5.04
6.57
5.00
2.59
1.91
1.58
0.75
2.18
4.00
2.72
5.54
4.74
4.32
3.74
2.30
5.93
4.61
4.04
4.83
2.61
0.63
0.63
2.77
0.70
0.98
1.14
1.63
0.84
2.77
0.46
2.08
0.70
1.22
1.23
1.06
0.67
0.69
1.27
1.25
1.21
1.24
0.39
1.09
1.69
0.31
0.37
0.44
0.36
0.31
0.58
0.32
0.38
0.67
0.33
0.44
0.86
0.62
0.44
0.45
0.65
0.82
0.33
0.45
0.41
0.66
0.39
0.28
0.90
0.73
0.40
1.36
1.12
0.48
2.19
1.77
1.28
1.96
1.41
1.63
0.88
0.44
1.17
1.06
1.49
1.31
1.83
1.74
1.77
1.23
0.98
1.01
1.19
1.43
1.70
1.11
0.49
1.09
0.71
1.28
0.42
0.72
1.13
0.70
1.51
1.91
1.21
0.97
1.01
1.25
4.38
2.64
2.32
0.99
1.21
1.39
1.30
1.83
2.06
1.09
1.05
0.84
0.93
1.86
1.89
0.99
0.89
1.84
1.53
1.32
0.99
0.68
2.28
1.13
2.40
2.67
0.35
1.31
0.93
1.89
2.21
1.92
0.62
0.73
0.77
0.49
0.91
0.46
0.60
0.84
0.52
1.34
0.58
0.86
0.95
1.51
0.57
1.22
0.99
0.81
1.47
0.59
0.46
0.33
0.96
0.52
0.89
1.50
0.56
0.57
0.41
0.53
0.87
1.00
0.48
0.35
0.53
0.95
2.32
2.73
1.49
0.50
0.51
1.07
0.46
0.65
0.75
1.62
1.11
0.54
0.98
0.40
1.97
1.42
2.36
2.31
1.02
2.27
6.15
5.13
2.88
2.37
2.76
1.93
0.97
0.68
2.27
1.34
1.12
1.56
1.14
1.50
0.90
2.18
2.36
0.90
1.10
1.22
2.61
1.00
2.33
4.08
5.77
2.34
1.86
2.91
2.45
2.43
2.30
1.10
0.74
2.59
1.19
1.44
2.49
1.48
1.91
4.70
8.67
3.08
0.36
1.79
1.81
1.81
1.74
3.24
3.00
1.72
3.22
3.43
2.43
2.38
2.02
1.91
0.71
2.56
2.04
1.28
0.92
2.69
2.29
1.45
3.65
2.82
2.33
1.76
2.32
2.26
2.01
2.73
1.07
2.13
2.34
1.39
2.38
4.00
3.37
3.21
0.87
1.45
1.73
0.96
1.56
1.43
1.57
0.85
0.68
0.90
0.96
0.43
0.79
1.61
1.57
0.82
0.33
0.81
1.66
1.50
1.54
1.29
2.23
1.51
1.81
0.63
0.49
1.50
3.49
0.65
0.98
0.89
0.86
0.78
0.49
1.16
1.41
2.33
0.68
1.52
1.41
1.46
0.61
1.81
1.27
1.19
1.10
2.08
2.56
1.70
1.90
0.46
0.43
0.95
0.87
0.97
0.94
1.06
0.75
0.86
0.43
0.94
1.04
1.60
1.29
1.01
0.96
0.80
1.19
0.91
0.79
1.83
1.52
0.68
1.69
0.91
1.25
1.01
1.02
0.69
0.95
0.70
1.83
1.15
1.29
0.51
0.61
1.30
1.09
0.48
0.80
0.43
1.05
0.87
0.85
0.88
1.28
1.19
1.04
1.29
1.37
0.52
1.68
0.49
1.18
0.69
1.23
0.79
0.94
1.77
0.57
1.84
1.14
0.71
0.95
0.61
0.67
1.39
0.92
0.93
0.72
0.60
2.04
1.07
1.19
2.19
1.68
1.47
1.77
0.54
0.83
0.94
1.26
1.22
1.51
1.07
1.20
0.93
1.19
0.84
1.50
2.02
3.05
0.95
0.87
0.43
0.85
1.12
0.65
0.58
2.10
0.69
1.18
0.73
0.79
0.87
0.35
2.37
2.73
2.31
1.25
3.28
2.15
1.30
1.79
2.71
2.30
3.38
2.87
1.02
1.97
1.95
1.42
1.86
1.60
2.48
1.85
1.31
1.69
1.31
2.53
1.36
1.30
1.18
0.61
1.76
2.48
3.80
3.32
2.09
1.28
1.52
0.38
2.04
1.45
0.83
0.93
0.73
0.40
0.91
1.15
0.92
0.35
0.84
1.18
1.42
0.49
1.69
0.66
0.38
0.42
0.35
0.88
0.91
0.41
0.42
0.70
0.82
0.52
19.44
17.99
25.88
25.30
24.72
19.67
12.58
21.86
13.98
23.53
16.02
17.73
19.13
23.24
21.52
17.93
18.71
24.00
17.38
28.22
21.81
16.64
15.28
15.59
3.89
2.89
2.47
9.41
14.32
6.84
11.58
16.92
8.16
18.23
19.02
18.55
21.26
9.24
8.72
13.15
13.05
13.05
18.30
17.17
17.22
18.04
16.58
22.15
20.33
14.10
15.04
16.77
0.70
0.73
12.14
17.19
19.86
15.96
21.48
26.86
23.40
18.90
20.40
23.83
24.93
22.36
15.98
16.73
21.86
18.38
1.73
1.15
0.80
20.86
19.09
21.71
19.56
23.48
14.74
13.00
1.54
17.63
14.92
16.05
20.09
19.89
18.18
18.54
23.71
25.71
24.26
19.09
18.61
20.27
18.19
3.59
1.44
1.04
13.33
12.83
21.54
16.54
20.42
15.69
18.26
10.43
11.70
12.92
13.39
13.75
11.04
11.00
15.91
16.23
16.47
19.32
12.89
23.76
19.46
13.41
11.40
12.82
10.49
7.17
8.40
18.98
17.24
24.87
28.74
25.01
19.43
17.96
23.27
25.87
22.52
18.90
19.06
19.62
21.24
23.40
20.39
19.09
24.47
18.62
28.22
21.54
18.52
15.76
15.59
3.77
4.18
2.78
2.65
7.57
3.34
8.63
8.54
12.36
1.62
19.44
18.19
25.88
27.73
25.36
20.69
18.50
1.94
21.15
17.53
20.74
19.12
17.42
19.90
12.35
17.65
15.66
16.23
16.69
17.00
17.75
17.97
20.32
15.16
24.67
19.60
20.59
15.09
17.79
19.79
9.44
7.49
7.67
8.71
12.29
5.86
11.97
11.64
12.05
6.98
11.51
8.07
7.83
6.23
6.28
7.61
17.62
17.03
26.66
18.21
18.04
16.63
16.51
15.42
23.57
20.29
17.90
17.49
16.07
13.00
16.24
16.13
17.40
17.34
18.35
19.70
19.01
16.41
20.58
21.60
15.40
17.05
14.94
1.75
14.19
13.59
7.64
6.66
14.75
19.61
14.18
14.08
15.84
11.05
16.44
20.40
22.31
17.49
11.52
18.71
18.27
3.17
1.50
11.61
14.62
16.70
19.86
18.03
19.11
20.54
23.16
20.06
19.26
24.47
29.11
24.46
20.26
18.05
19.97
18.55
2.47
0.89
4.49
3.71
3.01
3.59
3.55
2.61
1.50
1.99
1.96
1.50
4.68
3.50
3.53
3.05
2.75
1.87
0.83
0.74
0.78
3.32
4.67
4.20
4.36
1.53
1.21
1.50
0.86
0.83
4.84
10.20
5.48
4.08
3.72
3.07
3.96
3.42
4.78
3.22
4.27
2.84
6.40
5.94
4.33
11.85
5.37
3.77
3.91
4.00
3.63
2.99
3.64
6.20
2.60
2.96
5.47
4.05
4.10
7.24
5.51
3.93
4.64
4.40
5.96
4.38
3.87
4.46
5.44
4.29
7.53
4.94
5.73
3.99
7.64
4.55
7.37
3.74
1.50
4.09
4.46
4.98
4.55
9.02
2.69
2.34
5.48
5.46
3.74
5.86
7.21
3.98
3.88
3.48
5.35
4.23
6.64
8.91
4.74
3.95
4.10
3.90
3.82
4.64
4.11
3.29
3.89
4.32
4.40
3.31
4.73
4.34
6.29
1.30
1.67
1.91
0.48
1.39
0.46
0.35
0.85
0.77
1.18
1.16
2.27
1.00
1.02
0.44
1.14
1.00
0.80
0.94
1.35
1.85
1.43
1.41
0.40
1.84
0.50
0.45
0.46
0.56
1.07
2.07
1.27
0.45
0.49
0.48
1.90
1.53
0.69
0.76
0.46
1.66
1.09
0.53
2.46
2.74
3.31
2.97
3.87
0.72
1.10
0.76
1.09
2.51
2.56
1.44
2.57
6.74
1.81
4.08
2.12
3.58
1.95
4.67
1.63
2.37
2.43
1.47
2.93
2.92
2.14
2.88
4.45
5.42
6.18
7.18
4.00
1.35
4.08
3.15
5.71
5.45
2.85
1.94
2.82
1.79
3.11
4.45
4.95
3.86
5.64
4.83
4.51
2.00
4.49
6.33
5.65
4.47
3.78
6.35
1.52
3.22
1.36
0.99
0.74
0.94
0.71
1.25
0.45
1.96
1.90
1.20
2.82
1.59
0.93
2.37
0.94
2.89
2.23
1.05
1.16
2.35
1.06
1.20
1.14
2.45
0.70
3.10
1.71
1.25
0.94
2.49
0.94
1.37
2.53
1.57
2.25
1.37
1.23
0.96
1.69
1.91
1.44
0.99
3.06
0.69
2.28
0.97
0.47
1.50
0.93
0.38
0.64
0.68
2.11
0.60
0.71
0.59
0.81
0.56
1.47
0.59
0.34
0.70
1.72
2.44
1.74
2.72
0.85
1.06
0.67
1.09
1.76
0.94
2.10
1.35
0.89
0.36
0.53
1.65
2.11
2.14
3.12
0.97
1.15
1.14
0.85
1.72
1.59
1.03
0.44
0.96
1.61
1.66
1.09
0.42
2.39
1.37
1.35
0.96
0.61
0.88
1.86
0.94
0.73
1.58
0.30
0.46
0.67
0.61
0.39
0.48
1.06
0.64
0.73
1.02
0.89
1.99
0.80
0.41
0.55
0.56
1.45
0.82
2.51
2.96
0.32
1.44
0.96
0.67
2.50
0.89
1.42
1.93
1.50
1.24
1.37
2.66
4.14
1.21
0.30
0.50
0.80
0.73
0.68
0.67
1.32
0.76
1.14
0.69
0.90
0.81
2.10
2.14
0.89
0.66
1.70
1.00
1.08
2.17
3.89
2.22
1.46
2.14
0.78
1.80
1.14
2.70
0.77
2.46
4.06
0.95
0.50
0.48
0.40
0.67
0.50
0.79
0.37
1.40
0.49
0.38
0.50
0.67
0.97
0.76
0.98
0.48
0.59
0.61
0.67
1.06
1.24
0.48
0.56
0.46
0.94
1.07
0.89
3.75
1.27
1.37
0.56
2.89
3.68
2.82
2.38
1.94
0.58
0.68
1.04
1.48
0.41
0.76
0.71
0.41
1.37
0.77
1.30
2.41
0.48
0.38
0.48
0.76
0.30
1.05
0.83
2.06
0.48
0.50
1.15
0.47
0.91
2.60
0.50
0.70
0.66
1.61
1.83
0.76
1.18
0.48
0.39
0.44
1.07
0.68
0.68
0.93
1.30
1.05
2.07
1.91
1.00
2.05
0.97
0.43
0.68
1.00
1.01
2.03
1.27
2.03
1.30
0.98
1.45
0.94
0.74
0.50
0.56
1.08
2.38
1.29
2.86
1.95
2.56
1.02
1.04
0.67
1.55
2.34
2.20
1.07
1.07
0.68
1.07
1.00
1.08
1.11
0.66
1.54
1.45
0.48
1.80
1.20
1.15
1.66
1.65
0.59
1.01
1.11
1.22
2.06
0.82
1.20
1.80
0.76
2.23
2.62
1.29
0.83
2.97
1.58
1.58
2.02
2.81
3.41
1.73
2.79
3.14
2.74
3.40
1.08
0.97
1.64
3.20
2.30
1.40
1.10
1.10
1.15
1.25
0.53
1.17
2.52
1.67
1.72
2.71
2.01
2.11
2.34
3.64
3.39
2.45
2.11
4.91
0.60
0.73
0.44
0.52
1.75
2.36
2.30
2.03
2.99
2.71
4.65
2.69
4.22
1.75
1.98
2.15
1.84
2.77
2.91
1.55
1.69
1.83
2.89
2.46
3.91
2.12
2.61
2.07
3.27
2.19
3.12
1.78
1.78
0.96
1.05
1.00
1.67
3.43
2.47
3.00
3.32
4.04
3.07
4.37
1.10
1.75
1.28
0.74
2.30
1.07
2.18
3.88
0.84
1.16
1.09
2.36
0.68
1.20
0.63
0.91
0.83
1.12
1.26
3.55
1.89
1.60
1.38
1.38
2.27
1.09
1.56
3.68
2.52
3.70
4.09
3.36
2.54
3.04
1.52
2.38
1.56
1.54
0.94
1.47
1.25
1.84
3.30
2.34
1.65
1.55
2.39
2.45
2.99
0.40
0.69
1.17
0.57
1.22
0.94
1.15
2.72
2.61
1.13
1.99
2.29
4.47
3.38
1.23
1.87
2.43
2.73
1.76
1.92
1.03
2.78
2.46
0.98
1.35
2.34
1.09
2.10
1.64
3.83
2.60
3.30
2.87
0.90
0.65
1.47
1.05
0.48
1.57
1.59
0.55
1.52
2.18
1.03
4.89
1.63
1.78
1.22
1.92
2.42
2.61
0.96
0.48
0.92
1.05
1.59
1.60
1.36
2.12
0.76
0.93
0.99
1.65
1.15
1.09
0.42
2.44
1.02
1.59
1.14
2.54
1.66
0.82
2.31
2.61
1.80
7.43
1.93
2.58
3.13
2.31
1.38
1.13
1.36
1.62
2.33
2.00
2.49
1.03
2.93
2.06
1.30
1.71
1.28
1.53
1.39
1.81
1.24
0.71
2.22
1.26
2.31
2.04
2.21
1.17
1.83
2.10
1.88
1.12
1.24
1.83
0.81
0.45
1.17
1.72
0.65
2.67
2.59
1.26
1.63
1.75
0.78
1.29
1.73
1.05
2.02
3.03
2.38
1.89
2.57
4.51
2.34
1.99
0.60
1.76
1.26
1.69
0.84
1.68
2.17
2.81
0.88
1.08
0.84
1.57
0.80
2.36
2.61
0.85
1.30
1.72
2.35
1.35
0.89
1.81
0.78
0.55
0.94
0.96
3.59
0.96
2.20
4.70
5.31
2.40
1.87
2.15
1.75
1.75
1.42
2.25
1.59
2.24
2.20
2.38
0.68
1.11
2.71
1.20
1.14
5.85
3.06
2.12
1.15
1.71
1.40
1.10
1.69
2.06
1.09
1.18
1.10
2.98
2.83
1.96
2.36
1.49
1.78
0.70
1.38
4.21
3.73
3.49
2.84
1.14
3.56
4.09
2.79
1.53
2.02
2.26
4.04
3.56
5.40
4.59
6.29
2.45
2.27
1.78
1.57
1.37
0.80
0.68
0.46
2.58
2.97
3.02
5.90
2.48
2.14
2.56
1.65
1.80
2.28
0.81
2.18
0.95
2.06
1.69
3.21
2.46
5.59
2.50
2.29
2.45
1.73
1.29
2.61
3.06
5.81
0.87
1.09
0.84
2.51
3.49
2.00
1.86
1.08
2.69
1.20
3.65
3.54
2.20
3.59
2.48
1.39
1.62
1.83
1.86
1.81
2.08
2.25
2.53
2.21
3.54
3.91
3.18
3.84
3.30
1.31
2.24
1.90
0.89
2.24
2.01
2.21
1.48
2.54
1.30
1.63
3.31
1.46
1.35
2.79
3.76
2.79
3.06
3.43
2.28
2.33
1.54
1.89
0.85
1.90
4.55
4.77
0.91
1.08
0.33
0.33
1.02
2.26
1.48
0.68
0.53
1.58
0.81
0.62
1.56
0.92
0.91
1.31
1.44
0.81
1.33
1.27
1.01
1.88
2.41
1.17
0.50
0.77
0.32
0.65
1.41
1.05
0.77
0.74
0.83
0.70
0.86
0.85
0.46
0.51
2.03
1.41
0.48
0.46
0.48
1.68
2.52
0.77
1.79
2.00
0.96
0.48
1.01
0.81
0.46
2.08
2.40
0.86
1.14
0.34
2.84
2.46
2.84
2.24
0.32
0.48
0.69
0.96
1.05
1.49
1.49
0.58
1.79
0.90
1.12
1.04
1.10
0.76
0.61
0.88
0.84
0.63
2.43
1.44
1.48
1.03
1.20
0.79
1.04
0.30
0.68
0.46
0.76
2.06
1.48
2.48
1.84
2.40
1.10
0.80
1.38
0.62
0.41
1.55
0.88
0.82
0.38
0.51
0.48
2.18
3.53
1.23
1.74
2.66
0.68
0.86
1.43
1.41
1.18
2.10
0.96
0.59
0.86
1.15
1.80
0.90
2.38
1.05
0.76
2.23
1.24
0.64
0.94
2.91
0.79
0.48
0.48
1.58
1.79
2.12
3.63
1.58
1.47
1.36
0.43
1.80
1.18
1.60
1.92
2.09
1.07
1.86
1.66
0.71
1.44
0.82
2.63
2.44
2.83
1.08
0.66
2.24
2.62
2.57
2.56
1.62
1.10
1.39
1.28
2.39
3.02
3.45
2.57
0.61
1.00
1.71
0.93
1.50
0.47
2.16
1.56
2.39
0.81
1.29
0.89
1.53
2.89
0.83
1.96
2.02
0.42
1.05
1.01
1.59
1.70
1.21
2.05
0.49
1.16
1.17
0.58
1.43
2.59
0.78
0.87
1.86
1.09
0.55
0.73
3.44
0.77
1.69
2.21
4.04
2.42
1.21
2.14
2.05
2.84
2.31
1.64
4.07
3.99
2.95
4.05
4.06
2.83
4.60
3.09
2.91
2.93
3.40
6.08
4.75
3.34
4.97
2.43
2.85
2.11
2.13
1.30
1.81
2.13
1.62
0.49
2.02
2.39
2.56
2.25
3.67
3.58
0.85
1.59
0.94
1.04
1.80
2.64
4.89
1.80
2.89
2.07
2.68
1.26
2.51
4.01
3.29
2.93
4.05
5.92
1.05
2.32
3.82
2.63
1.14
1.78
3.60
2.89
2.75
3.93
2.30
2.81
2.53
2.95
2.65
2.22
2.36
2.49
1.63
1.38
2.01
2.87
2.54
2.83
3.96
4.77
3.33
2.87
3.56
2.78
2.62
1.87
4.28
3.58
2.57
2.86
2.48
2.91
2.61
3.86
1.39
0.51
1.70
1.64
1.31
3.50
2.79
2.63
1.15
1.85
2.15
4.40
2.96
2.22
3.29
3.36
3.52
2.85
3.53
2.55
2.24
2.23
2.57
3.47
1.53
1.61
1.87
2.75
3.15
3.48
3.37
2.69
2.66
2.26
2.03
2.51
2.52
3.18
1.80
2.87
3.51
1.13
3.06
2.46
2.70
5.65
3.12
3.55
4.23
5.56
2.81
2.39
2.12
0.81
0.63
2.06
3.42
2.27
2.28
2.58
2.76
3.91
1.02
1.54
2.07
3.25
2.61
2.61
1.53
1.12
2.09
3.29
4.35
3.02
3.02
5.51
2.48
2.44
2.23
2.22
1.62
3.12
2.57
2.51
1.11
0.69
1.00
1.84
0.45
3.89
1.61
2.22
1.51
1.44
0.64
0.94
0.97
2.97
1.01
0.59
0.71
0.61
1.39
3.32
2.64
2.25
2.41
3.11
2.81
2.93
1.37
2.25
1.63
2.02
3.45
2.47
2.46
2.80
2.48
2.06
2.50
1.96
2.90
3.49
2.75
2.57
2.77
2.03
2.66
2.74
4.28
4.57
4.11
2.11
1.09
2.33
2.91
2.61
3.72
1.63
4.45
0.58
1.75
1.28
0.86
2.10
2.47
1.64
2.21
4.00
2.43
2.49
2.51
2.44
2.09
1.03
2.56
2.69
2.33
2.40
3.11
2.76
1.62
1.72
3.14
2.47
4.00
1.17
2.10
2.33
3.20
2.76
2.41
2.27
4.97
2.28
2.53
2.63
2.59
3.45
1.39
2.58
2.09
1.81
0.97
2.16
1.44
2.76
3.42
0.71
0.67
2.40
2.07
1.53
2.09
2.17
1.12
0.71
0.99
2.29
2.47
0.90
0.62
2.39
1.93
2.21
2.06
3.43
1.10
0.45
0.50
1.15
1.23
1.40
1.86
2.91
1.15
0.59
0.43
1.26
0.98
2.34
0.68
1.04
1.44
0.88
1.09
1.09
1.97
1.30
2.80
1.21
1.19
0.49
0.58
1.22
0.97
0.50
0.63
0.81
2.45
1.05
0.76
1.03
2.42
0.82
0.48
0.92
1.30
2.15
1.32
1.92
2.53
1.70
1.94
0.91
0.84
1.05
1.05
1.61
1.74
0.69
0.68
0.82
0.78
0.51
0.95
0.54
1.31
1.06
2.77
0.93
1.51
1.53
1.81
2.03
0.48
0.60
1.22
0.59
0.90
1.80
0.77
1.88
1.48
0.62
2.07
2.40
3.57
2.07
1.86
2.15
1.93
1.60
1.07
1.76
1.10
0.59
1.61
2.51
1.12
0.99
1.11
1.96
2.99
1.93
1.35
0.67
1.01
0.74
0.74
0.91
1.91
2.67
1.18
1.64
0.71
0.87
1.54
1.10
1.48
2.54
1.75
1.29
0.97
1.87
1.16
2.18
2.07
2.74
2.20
1.19
1.95
1.48
2.07
1.29
1.74
1.50
0.40
0.60
1.04
0.47
0.85
0.92
0.59
0.71
1.28
2.12
1.96
1.32
1.65
1.48
1.16
0.43
1.51
1.99
2.94
1.35
1.08
0.64
1.20
2.04
1.61
1.72
3.80
3.66
4.39
2.52
3.01
0.85
1.09
0.83
1.10
2.62
2.34
6.25
2.65
4.22
5.84
3.65
6.39
6.60
6.57
4.64
4.02
2.78
5.39
2.87
3.47
2.59
2.08
0.94
2.32
1.51
0.65
1.52
1.63
1.39
2.91
2.97
2.28
1.01
2.11
1.87
1.90
2.00
1.75
4.00
1.89
1.39
2.49
1.50
2.14
1.42
1.03
0.97
0.42
2.38
1.88
3.75
3.25
2.43
4.10
2.48
6.03
4.63
2.98
2.71
2.79
2.27
2.72
2.94
2.52
2.41
2.51
1.11
0.76
1.62
1.11
2.01
2.55
2.56
3.11
2.73
2.54
2.01
3.47
1.77
1.59
2.95
3.75
2.86
2.10
4.22
2.95
2.05
2.11
1.31
2.80
3.36
4.64
5.36
3.80
2.75
2.53
3.75
2.60
3.10
0.38
1.04
2.01
2.31
1.62
0.44
2.09
2.37
2.34
1.03
2.63
3.42
4.58
3.09
2.45
2.19
2.33
2.13
1.28
1.13
0.47
1.95
2.77
2.11
2.26
2.20
0.83
1.26
0.97
0.65
3.00
2.93
2.92
2.01
2.95
3.47
3.29
2.41
2.54
2.36
3.28
2.50
2.22
2.29
1.89
1.62
1.85
2.70
1.59
0.93
2.15
3.01
2.81
2.97
2.32
3.69
2.28
2.42
0.83
1.04
0.92
1.51
1.05
1.64
2.96
2.12
2.39
2.27
1.86
0.63
1.49
0.94
0.76
2.71
4.30
2.23
2.50
1.91
1.43
1.94
2.24
3.00
3.51
2.97
1.51
2.04
1.68
2.70
2.56
1.12
1.84
1.56
2.16
1.03
1.82
0.49
0.70
1.25
1.28
0.90
0.86
1.18
0.38
0.56
0.64
1.07
1.23
2.25
0.86
0.46
1.24
1.27
0.81
0.43
0.67
1.77
0.44
0.58
0.87
1.38
0.92
0.83
1.20
1.04
1.00
4.22
5.25
4.29
2.19
1.02
1.12
0.69
2.40
1.96
0.89
0.91
1.23
0.90
0.90
0.75
1.35
1.18
0.86
2.16
1.22
0.56
0.80
0.74
1.08
1.99
0.79
0.54
0.98
1.19
1.12
1.90
0.68
0.38
2.09
3.04
2.44
3.65
5.75
3.01
4.39
3.74
4.81
2.33
1.95
2.40
2.34
2.69
0.79
1.16
0.78
0.78
1.59
2.16
0.88
1.02
1.11
1.36
2.71
3.67
1.21
0.46
0.78
0.98
1.15
2.39
2.28
1.19
1.13
1.71
0.94
0.48
0.73
0.94
1.13
1.37
2.29
2.12
2.36
2.43
3.39
3.45
1.92
1.75
1.85
2.51
1.78
2.38
1.87
1.07
0.68
2.23
1.24
2.23
1.75
0.71
1.12
2.56
2.53
1.67
2.51
3.24
2.31
1.45
1.05
3.54
2.93
2.54
2.41
1.93
3.97
4.32
4.50
4.71
2.63
2.38
2.65
1.87
2.16
2.64
2.65
2.30
2.05
3.63
0.92
0.75
1.82
2.20
1.06
1.90
1.08
0.75
1.08
2.39
3.56
3.10
0.89
0.73
2.26
1.31
2.33
2.53
1.79
2.14
3.38
2.76
1.63
0.92
0.71
1.62
1.35
1.98
1.82
2.25
2.68
2.30
3.02
4.56
2.04
1.43
3.16
2.22
1.85
1.59
2.38
2.48
2.43
2.45
2.27
1.56
1.51
0.41
0.68
3.62
1.83
1.91
2.14
3.17
2.45
1.21
1.91
2.38
2.55
2.62
1.65
1.25
1.07
1.64
2.89
4.24
4.80
1.39
0.57
1.03
1.48
2.00
1.75
2.29
1.36
2.67
2.07
2.85
2.79
4.09
5.24
2.46
3.14
1.56
2.84
3.59
3.39
3.22
2.09
0.77
0.81
1.08
1.85
1.46
1.82
0.81
1.38
1.12
2.28
3.35
1.26
3.18
1.45
1.10
1.35
0.99
1.84
2.44
2.21
2.00
2.92
3.47
2.82
4.26
3.35
2.37
2.83
1.56
3.89
2.91
3.03
3.96
0.46
1.61
0.81
1.39
1.74
1.33
0.97
1.80
1.70
2.69
1.07
3.18
2.82
1.29
2.66
4.10
2.26
2.97
2.43
1.57
3.63
2.07
2.07
3.65
5.44
3.48
1.88
0.82
1.24
1.85
2.91
1.18
1.09
0.91
2.41
1.42
1.34
2.08
2.86
1.32
2.11
2.15
4.15
1.68
1.72
1.51
2.53
3.83
3.63
3.93
2.16
1.33
1.03
1.34
1.68
2.77
2.65
1.04
1.68
1.05
3.29
3.26
0.40
0.57
1.28
1.07
2.27
0.93
1.60
0.84
0.97
2.87
3.12
2.29
0.57
1.17
1.88
0.85
0.87
1.24
2.38
0.43
0.94
2.02
0.94
1.05
1.33
1.80
1.06
0.60
1.35
0.80
1.28
1.33
1.36
1.11
0.96
1.79
1.24
1.35
1.85
1.18
0.90
0.68
1.03
0.94
1.05
2.87
1.05
1.25
1.88
0.69
1.05
1.72
0.89
1.73
1.37
1.18
1.07
1.30
5.95
1.05
1.09
0.93
0.72
1.32
0.75
1.05
0.63
0.67
1.82
1.40
1.21
1.78
0.67
0.38
1.01
0.46
0.68
0.81
1.63
1.21
1.55
1.65
1.71
1.51
2.28
1.29
1.08
1.35
1.25
1.60
1.15
1.96
2.01
2.31
2.01
2.51
1.95
2.18
2.26
1.46
1.64
2.24
1.47
1.98
0.95
1.16
1.68
0.85
0.98
1.18
1.28
1.31
1.52
2.10
1.84
1.49
1.99
2.15
2.13
1.22
1.31
1.45
1.78
1.47
1.63
1.58
2.08
2.05
2.00
0.81
0.94
0.83
0.72
0.73
1.80
1.63
0.67
1.50
2.71
2.19
0.75
1.03
2.00
1.01
0.63
0.60
0.73
0.80
1.13
1.50
2.18
1.57
2.51
0.38
0.56
1.09
1.94
1.01
0.64
1.00
0.49
0.89
1.70
2.75
2.24
0.83
0.96
1.02
0.92
2.10
2.03
0.67
1.72
1.45
2.59
3.46
5.50
4.59
1.14
1.08
0.83
1.23
1.04
0.48
2.08
0.95
1.03
0.67
1.06
0.74
2.09
2.12
0.82
1.46
1.14
1.23
0.34
1.00
1.27
0.97
0.72
0.81
0.89
0.29
1.13
1.52
1.08
0.83
0.68
0.55
2.14
2.51
1.13
0.82
1.98
0.96
0.74
1.00
0.92
0.48
1.70
0.35
0.67
0.93
0.86
1.67
1.24
1.84
0.58
0.78
0.83
1.25
1.22
0.57
1.03
0.96
0.56
0.34
1.00
1.11
0.91
2.93
1.69
1.63
0.89
0.96
0.83
1.03
0.66
1.15
1.05
0.99
0.98
0.65
1.19
0.73
0.74
0.95
0.81
1.15
0.47
0.89
1.44
2.27
1.79
0.92
0.91
0.82
1.10
1.32
0.98
0.69
0.69
0.57
0.75
0.61
1.35
0.92
0.74
0.92
2.17
2.31
1.48
2.37
0.98
2.54
2.81
1.53
1.28
0.55
0.56
0.56
1.01
1.15
1.07
0.96
1.00
0.48
0.79
1.03
1.21
2.53
1.10
1.52
0.59
0.66
0.47
0.48
0.42
1.06
1.96
1.37
2.46
4.38
1.55
2.31
2.07
1.06
1.93
2.38
2.02
1.72
1.26
0.84
0.68
2.10
1.02
0.70
0.53
0.59
0.74
0.75
0.67
0.51
1.07
1.36
1.96
1.31
1.14
1.45
0.91
2.10
2.38
1.92
0.69
0.81
0.93
0.53
0.66
0.68
1.21
3.54
2.73
2.39
2.64
4.17
1.31
0.67
0.84
2.54
0.40
0.30
1.04
0.69
0.78
1.83
1.53
0.92
0.50
0.46
0.50
1.93
5.84
1.82
2.50
2.12
0.92
1.12
0.83
0.72
0.75
0.62
1.10
0.61
1.71
1.63
1.60
0.99
1.69
0.97
0.68
0.73
1.04
0.50
1.08
1.76
1.24
2.20
1.08
1.81
0.67
1.99
1.17
0.70
0.97
2.07
2.89
2.40
3.41
2.49
1.88
1.07
1.03
1.72
2.61
3.03
3.33
2.63
1.23
3.78
1.82
1.92
1.41
1.63
1.90
1.10
0.44
1.74
1.36
0.75
0.94
0.70
2.30
2.24
1.07
1.13
1.93
0.87
2.81
3.66
2.81
1.62
1.07
1.66
1.81
3.42
2.33
1.32
1.75
2.25
2.37
0.88
1.75
1.46
2.36
1.94
1.00
0.61
1.16
1.43
1.13
1.03
2.12
3.91
2.53
2.41
3.33
2.89
2.29
3.99
2.54
2.67
1.62
0.86
0.96
2.04
1.71
2.48
0.84
5.24
2.10
0.74
2.10
2.24
1.68
0.90
1.34
0.72
2.60
2.67
2.82
2.55
2.00
1.86
2.99
2.62
0.92
1.13
0.66
1.98
1.57
1.08
2.34
2.80
2.48
1.72
0.67
0.95
0.80
1.00
2.16
2.45
4.02
1.15
1.77
2.69
2.47
3.60
2.84
1.74
0.61
1.74
1.84
1.15
2.79
2.76
1.99
3.39
1.81
1.38
1.77
1.48
1.34
1.08
0.93
1.72
2.38
0.90
1.20
1.79
3.38
3.13
4.67
3.05
2.32
2.22
2.01
0.59
1.60
2.56
2.76
2.53
1.83
2.09
0.59
0.93
0.45
2.34
1.73
2.96
3.27
2.96
4.48
1.71
3.31
1.10
2.81
0.92
2.01
0.59
2.27
2.59
1.89
2.70
1.69
1.79
0.83
3.14
4.16
0.96
0.38
4.81
2.95
2.45
2.11
0.94
2.58
2.65
2.54
0.77
4.03
0.40
0.55
5.13
2.46
1.56
1.58
1.17
1.82
7.18
0.77
0.62
0.64
1.93
2.54
1.96
2.31
2.48
1.69
2.44
0.88
1.94
1.04
1.97
2.26
2.16
2.77
0.40
0.53
1.95
1.86
1.27
2.93
6.17
2.51
0.93
1.94
2.17
2.09
0.92
1.59
1.84
1.33
1.36
2.45
1.02
2.04
2.62
0.95
2.13
0.98
0.50
1.06
1.20
2.04
1.94
0.53
1.71
2.91
0.85
2.34
2.50
3.07
3.05
1.40
1.02
1.10
1.40
2.28
1.43
0.62
0.54
0.51
0.64
0.80
0.80
0.91
1.07
2.20
1.05
1.16
3.88
0.60
4.64
2.19
2.75
1.22
2.10
1.07
0.72
0.83
0.98
0.94
1.08
2.88
0.83
0.55
2.29
1.88
1.05
1.10
1.47
1.60
2.44
2.42
1.88
1.19
1.93
1.39
2.03
1.51
1.31
1.29
2.02
1.51
1.33
2.17
2.71
1.84
0.38
1.80
0.69
0.58
0.96
1.13
1.72
1.81
0.38
0.83
0.96
0.75
0.64
0.58
0.83
0.55
0.38
0.48
1.30
1.08
1.13
1.40
0.81
0.97
2.22
1.80
0.91
1.03
1.63
1.49
1.34
1.94
1.34
1.28
1.80
1.21
2.58
4.11
3.07
0.40
0.96
1.50
0.89
0.66
0.83
0.80
0.90
1.64
1.34
1.78
1.15
1.15
0.92
1.61
1.39
2.15
0.92
0.98
1.10
1.41
2.37
1.12
3.00
1.65
3.12
2.66
2.53
1.33
1.08
1.07
0.57
1.83
1.66
0.48
0.38
0.61
0.44
0.95
0.97
1.28
2.09
2.61
2.25
3.10
2.83
1.43
3.53
2.69
1.08
1.78
2.76
1.84
0.95
1.01
1.48
2.07
0.64
1.51
0.57
0.80
0.51
1.81
0.98
0.91
1.17
2.37
2.04
0.84
1.19
0.80
0.56
1.05
1.29
2.24
1.08
1.03
2.70
0.84
2.96
4.06
2.93
2.53
4.53
3.06
3.44
3.02
2.21
4.83
4.62
2.91
2.75
3.02
3.34
4.30
1.85
4.78
1.14
1.26
1.03
1.73
2.34
2.63
0.84
2.47
3.33
2.59
3.51
2.00
1.97
1.09
0.97
0.57
2.53
3.00
2.56
1.91
1.35
1.07
2.55
0.92
1.53
1.07
0.46
3.08
2.41
2.46
3.50
2.76
1.68
3.77
4.89
3.57
3.36
2.64
4.46
2.04
1.59
2.37
4.57
1.59
1.31
1.78
1.32
1.91
2.49
2.10
2.33
2.92
2.58
2.41
2.37
2.25
6.58
4.46
7.60
7.33
3.45
5.76
2.04
1.60
0.95
1.82
2.48
1.79
2.51
3.30
2.68
1.65
1.51
4.72
2.26
2.86
4.75
6.19
3.35
4.50
4.17
3.84
2.76
2.41
3.39
2.74
2.97
2.93
2.41
1.45
1.95
3.22
3.80
3.20
2.55
2.47
1.14
1.76
2.45
3.90
3.57
2.96
3.18
2.31
6.54
2.15
2.64
3.16
4.62
2.38
2.39
5.28
5.02
2.75
5.58
6.39
4.33
5.53
4.17
9.30
6.86
4.09
1.98
1.11
1.71
2.18
1.73
0.58
0.71
1.14
0.91
1.36
2.81
2.08
2.35
1.92
0.60
3.40
2.67
2.66
3.69
1.98
2.77
2.13
3.24
3.25
2.41
0.59
2.15
1.95
1.59
1.36
0.97
2.48
3.14
2.99
3.61
3.28
2.49
3.27
1.75
5.26
4.71
2.74
1.04
2.63
0.55
2.40
1.82
5.20
1.69
2.48
2.79
4.13
5.27
5.37
2.94
3.47
4.62
2.80
4.06
6.19
1.93
3.13
2.86
3.46
3.13
3.64
4.01
2.66
6.09
2.01
1.64
1.89
0.86
1.36
0.60
1.26
2.19
2.13
3.10
3.51
2.67
0.69
4.02
2.46
8.93
1.02
2.19
0.94
1.62
1.09
1.29
0.94
2.13
3.63
4.47
2.04
2.80
4.12
3.12
2.05
6.12
3.84
2.47
1.15
2.09
2.69
1.24
2.67
2.64
2.07
1.46
3.02
0.98
2.01
2.51
2.25
2.71
4.84
6.31
9.09
3.40
4.28
0.65
4.38
3.24
3.43
2.72
3.64
4.40
1.59
4.32
0.93
2.03
2.27
0.71
0.95
1.78
1.86
2.01
1.75
2.37
2.82
2.43
1.86
1.35
0.41
1.86
0.66
1.24
1.21
0.87
0.38
0.81
0.39
1.30
1.39
1.54
1.01
1.32
0.43
0.68
0.86
1.90
1.17
0.81
0.99
1.62
2.11
1.77
2.97
2.31
2.36
2.21
2.29
1.46
1.24
1.86
2.14
1.49
1.83
2.30
1.55
2.02
2.20
2.54
2.60
2.53
1.52
1.58
2.50
2.67
1.50
2.38
2.32
2.27
5.61
2.30
1.89
2.96
2.07
2.27
2.22
2.24
0.50
0.75
2.03
3.91
3.42
2.90
2.45
2.59
0.40
0.38
1.02
0.77
0.98
1.34
1.10
0.95
1.18
1.83
1.87
1.17
1.80
1.29
2.01
2.02
1.86
1.20
1.21
1.29
1.53
3.22
2.39
2.13
0.82
1.87
0.86
2.76
3.54
2.48
3.37
3.28
2.33
2.88
1.27
2.22
2.79
2.93
2.21
1.70
2.92
1.09
1.14
1.63
2.14
2.67
1.03
0.94
0.94
0.64
0.89
2.31
1.05
0.80
0.88
2.23
1.84
0.71
1.28
2.34
1.16
1.86
2.25
0.69
1.76
1.36
0.96
0.80
2.75
2.92
1.13
2.92
2.28
3.59
2.74
3.75
3.25
1.25
2.81
0.97
1.68
2.57
2.54
1.81
1.49
1.86
2.82
1.02
1.32
1.53
2.13
2.11
1.96
1.47
1.58
2.74
2.35
1.78
1.11
0.86
2.38
2.56
1.07
1.13
1.21
1.90
2.32
2.44
1.68
1.41
0.83
2.19
2.38
1.88
1.66
0.92
0.84
1.61
1.80
0.64
2.30
1.43
0.85
2.02
1.27
1.66
1.37
2.17
0.47
1.79
1.59
3.03
1.66
1.93
2.31
5.95
1.00
1.42
1.56
3.46
3.70
2.58
2.06
0.87
1.05
1.76
2.99
1.34
0.85
1.17
1.73
1.00
2.97
0.99
2.69
2.12
1.73
1.73
3.84
0.90
0.86
0.50
0.57
1.14
3.45
2.85
1.97
3.01
1.88
3.76
2.42
3.95
3.57
3.78
2.11
1.71
1.12
0.96
2.33
1.64
2.47
0.66
1.16
1.04
2.06
2.69
3.58
1.96
0.56
1.52
0.64
2.44
1.43
0.98
1.17
1.40
2.66
2.24
2.94
2.45
5.59
2.01
2.94
2.55
3.52
2.61
4.40
1.80
1.81
2.10
2.85
1.38
1.54
2.56
1.15
1.00
0.91
1.86
2.40
3.41
0.91
1.81
1.35
0.91
1.21
1.68
0.38
0.48
0.94
1.99
1.84
2.62
0.96
1.24
0.92
1.14
1.26
1.93
0.63
1.43
1.78
4.12
2.17
2.39
2.54
1.62
1.04
0.76
1.69
0.87
2.21
2.18
1.04
1.04
2.22
1.31
1.73
2.02
2.82
2.35
1.85
2.93
2.09
1.91
2.91
2.53
2.86
2.75
2.14
1.96
1.99
1.21
1.71
0.70
2.10
1.90
3.46
1.52
1.65
1.54
2.71
1.60
0.93
1.92
1.73
2.20
2.32
1.01
1.24
0.58
1.54
2.16
1.48
1.78
1.20
1.04
1.89
1.16
1.10
1.07
1.16
2.64
1.27
0.98
1.87
0.91
1.08
0.55
1.02
2.28
1.00
2.32
4.68
3.42
3.60
2.73
3.09
2.61
2.99
2.77
3.49
1.66
1.85
0.34
1.72
2.36
1.68
2.71
0.65
2.66
5.27
2.16
2.72
2.75
2.60
1.11
2.68
2.26
2.23
3.15
2.21
4.39
2.64
4.48
1.40
2.87
3.57
2.09
1.83
2.73
1.48
3.57
1.62
2.29
2.85
3.62
4.04
1.90
2.16
1.75
2.70
2.50
2.94
2.76
3.16
2.43
2.95
1.99
1.56
0.87
1.45
1.46
1.51
1.02
1.74
0.85
1.93
1.71
2.12
2.06
1.08
2.53
3.63
1.25
2.41
3.59
2.22
2.19
0.84
3.46
2.06
1.04
1.06
1.62
3.40
2.56
1.60
2.27
1.05
0.34
1.72
2.14
4.13
1.55
1.05
1.30
0.84
0.90
0.48
0.38
1.02
2.13
1.58
1.43
1.24
1.77
1.18
0.76
1.78
1.31
0.95
1.61
1.24
0.76
0.41
0.72
1.07
1.18
1.27
0.66
0.97
0.93
1.89
1.03
3.26
2.19
2.31
2.00
1.28
2.57
1.25
0.78
0.78
0.90
2.04
0.90
2.24
2.43
1.98
1.39
0.95
0.95
0.36
0.85
0.69
0.38
0.40
0.76
0.87
0.94
1.37
0.91
1.00
0.98
1.12
1.51
0.49
0.49
1.66
1.76
1.35
0.91
1.03
0.74
0.80
0.91
1.07
0.81
0.42
0.94
1.74
1.91
1.24
3.64
6.42
3.09
3.22
2.50
3.77
5.48
3.61
4.42
3.86
4.55
3.48
5.25
6.77
3.87
3.47
2.00
2.34
1.90
0.83
1.51
2.30
2.83
1.60
1.89
1.64
1.33
1.80
2.52
3.04
3.14
2.49
1.66
3.78
3.87
5.12
3.39
2.44
2.07
1.98
2.11
2.49
2.38
2.50
2.74
0.61
2.06
1.25
2.08
1.54
3.00
3.21
1.54
3.32
2.91
1.46
1.76
2.58
3.47
2.55
2.47
3.13
4.57
3.86
3.39
3.63
5.47
2.47
2.30
5.02
4.82
4.13
7.34
2.25
0.56
0.45
0.77
2.13
3.12
3.40
1.70
2.12
2.69
2.31
2.53
3.00
3.01
2.66
2.60
2.28
2.86
3.55
3.75
2.10
3.15
1.53
1.93
2.76
3.69
3.84
2.88
4.08
2.72
2.09
3.40
3.14
1.60
3.42
3.40
3.35
2.24
2.53
2.37
2.65
2.86
7.46
4.34
4.46
2.53
3.67
2.38
2.65
2.65
2.16
1.76
1.66
0.71
1.26
1.98
2.62
2.13
0.83
2.76
3.46
5.95
3.71
3.99
1.90
2.86
2.68
2.97
2.33
1.61
4.21
3.78
2.52
1.18
1.33
1.51
0.64
1.92
2.33
2.60
2.91
4.95
3.19
2.25
1.99
3.73
1.13
2.96
1.87
1.91
1.19
1.87
2.20
1.59
1.57
1.90
2.17
7.02
1.75
2.35
2.67
2.58
3.91
3.04
1.72
2.18
2.16
5.41
4.32
3.34
4.34
3.84
2.46
3.31
2.35
3.71
2.78
2.96
2.82
2.79
5.30
3.40
0.77
0.44
2.19
2.76
1.21
1.94
1.74
2.64
2.93
1.75
2.54
2.70
3.37
2.97
2.31
3.36
1.64
3.23
2.71
2.34
2.34
1.61
3.42
2.56
2.35
4.39
2.78
2.95
5.53
3.09
0.93
0.93
2.53
1.72
2.80
2.15
2.31
1.40
2.17
1.83
0.83
1.51
1.59
0.58
4.74
4.84
4.93
3.09
3.02
3.94
3.35
4.15
2.28
2.42
2.13
2.28
2.48
4.12
2.91
3.19
1.55
1.05
2.79
2.02
0.93
0.81
2.02
2.32
3.35
1.26
1.03
7.30
7.74
2.45
2.81
2.36
2.20
1.78
2.06
3.75
2.63
2.80
3.08
1.23
2.33
2.19
1.27
3.01
2.44
3.34
3.09
3.32
3.24
3.34
2.70
2.10
2.59
2.58
3.93
4.66
3.77
2.68
2.81
5.79
3.34
1.83
3.32
2.32
0.93
2.43
4.27
4.69
2.35
2.15
0.71
1.59
2.30
2.59
2.64
5.05
3.23
3.55
2.87
2.24
1.72
3.00
2.11
2.59
2.82
3.38
2.91
2.28
2.07
1.98
2.41
2.94
1.81
2.34
2.33
2.57
3.40
5.39
3.13
4.05
4.04
6.69
3.66
2.83
2.98
2.86
2.56
4.28
3.34
4.33
3.24
2.33
1.61
1.53
2.56
0.94
3.50
2.34
1.31
0.66
4.03
2.55
5.32
2.86
2.71
3.13
2.74
2.59
1.85
2.66
2.66
1.73
0.61
2.69
2.63
3.95
2.74
2.98
2.61
2.64
1.61
2.60
2.27
2.47
1.55
0.66
2.36
2.26
2.44
2.91
2.42
1.44
3.85
3.48
1.74
2.89
3.34
3.68
2.53
3.21
3.15
3.61
2.65
3.11
3.09
2.45
2.13
1.87
4.46
2.62
2.86
2.87
2.61
1.63
0.85
1.26
2.05
0.59
2.16
1.43
1.40
1.04
2.35
1.49
2.25
1.74
1.78
0.78
2.35
1.37
1.72
2.19
2.71
2.40
1.97
2.38
3.27
2.52
2.59
2.15
2.06
2.49
2.28
2.01
2.38
1.25
1.31
1.64
4.11
1.17
1.35
1.80
1.90
0.95
1.61
1.89
2.82
0.57
1.04
1.15
1.00
2.19
0.40
0.42
0.79
2.49
1.34
1.10
0.73
0.81
0.74
2.45
2.77
2.62
1.62
1.14
2.43
2.05
0.85
0.96
0.36
0.57
2.05
1.13
1.45
2.12
1.45
1.20
1.17
1.95
2.14
1.27
1.29
0.60
2.67
1.20
1.52
2.39
2.23
1.45
0.68
1.43
2.02
0.52
1.55
0.28
1.00
1.14
0.54
0.88
0.81
2.25
2.07
1.74
1.62
2.15
1.32
1.40
1.35
1.66
2.42
1.21
0.99
2.59
2.25
2.39
2.20
0.97
1.82
1.03
0.38
1.36
1.60
1.81
1.03
0.83
1.50
1.09
2.61
0.80
0.48
0.97
1.06
3.14
2.14
2.50
1.02
3.79
4.55
4.23
4.23
2.23
1.28
1.69
2.02
1.91
1.42
2.45
2.60
0.58
1.19
0.85
1.85
1.26
2.40
1.30
0.92
1.18
1.68
1.54
2.61
1.30
1.32
2.64
1.94
2.51
0.75
0.88
2.01
1.93
0.40
0.67
0.40
0.42
1.47
1.13
2.12
1.74
1.22
1.11
1.68
1.32
1.29
1.36
1.23
1.65
0.86
1.26
1.14
0.99
1.69
0.74
1.43
2.20
1.56
2.04
1.76
1.75
1.82
0.56
0.81
0.82
1.44
1.66
2.21
0.86
1.76
2.48
1.55
2.24
2.18
1.20
0.59
0.86
0.45
1.01
1.27
0.96
1.30
1.39
2.04
3.25
3.18
2.13
1.57
0.90
1.74
1.60
3.98
1.26
0.49
1.18
1.82
2.41
0.35
0.51
2.14
2.57
1.06
1.23
1.02
1.34
1.68
0.70
1.44
2.41
2.46
0.51
0.32
1.08
1.09
0.40
0.38
1.19
1.14
1.15
3.71
3.50
3.51
3.25
0.71
0.69
0.38
0.38
1.17
3.88
2.23
0.55
1.02
1.14
0.58
1.07
0.89
0.44
0.82
1.06
0.48
0.57
1.62
2.20
1.63
0.73
1.35
0.87
0.68
0.72
0.57
0.93
0.48
0.57
0.90
0.56
0.81
0.55
0.60
0.39
1.01
0.92
1.00
0.50
1.45
0.65
1.08
1.00
0.65
0.49
1.65
0.90
1.69
8.22
9.64
4.96
5.66
5.64
4.42
7.62
11.07
9.35
6.30
6.01
6.38
4.48
9.21
8.86
18.54
10.95
6.73
8.46
7.70
4.44
6.06
5.74
5.14
5.05
10.74
6.42
6.01
5.05
4.46
5.20
4.49
4.59
4.78
5.54
4.32
5.06
1.03
1.91
2.50
1.02
3.97
2.33
1.98
1.65
2.15
1.10
0.49
1.78
1.83
0.91
1.31
0.57
0.93
1.14
0.92
0.91
1.12
1.07
0.65
1.09
1.56
2.25
1.64
0.94
1.11
1.09
1.90
1.27
0.91
1.01
1.02
2.14
2.63
0.81
0.61
0.67
0.77
1.49
0.72
1.41
0.63
0.91
1.22
0.55
0.92
2.99
1.43
1.82
2.60
2.31
0.91
1.11
1.38
3.74
2.05
2.30
2.96
2.03
1.05
0.89
1.31
0.89
0.96
1.23
1.18
1.43
1.35
2.49
2.32
0.91
0.70
1.46
0.62
0.88
0.66
1.66
1.13
1.54
1.15
0.63
0.87
0.92
1.08
1.55
1.84
0.93
0.85
0.94
1.35
2.19
1.60
2.25
2.10
1.25
0.75
0.57
0.62
0.81
1.43
0.59
1.05
1.45
1.50
1.82
2.30
1.15
0.82
1.50
1.89
1.26
1.03
1.77
1.37
0.77
1.98
1.91
1.52
1.02
0.71
1.59
0.62
0.64
1.63
2.13
0.56
1.00
0.55
0.56
0.83
1.07
0.71
2.25
1.22
1.00
2.09
0.91
2.10
1.45
0.84
0.99
0.99
0.85
2.72
2.17
2.22
2.05
2.34
2.14
0.50
0.47
0.40
0.74
0.70
3.39
2.33
3.11
4.27
2.92
1.80
0.85
0.84
0.66
0.69
0.64
2.17
1.17
1.91
0.65
1.18
0.83
2.30
0.92
0.92
1.94
2.18
2.27
1.90
1.90
1.19
1.85
1.89
0.38
0.50
0.48
2.13
1.11
1.35
1.31
1.29
2.03
0.92
0.99
1.07
1.45
1.71
2.02
0.56
1.02
1.80
0.84
1.28
2.83
4.19
3.01
2.79
2.66
2.08
2.10
1.27
1.60
2.36
2.58
2.09
2.40
1.54
0.65
0.90
0.63
0.56
1.07
0.45
0.80
1.19
3.79
4.24
2.66
2.75
1.49
1.35
2.67
1.81
3.65
4.46
3.36
2.61
2.58
1.70
2.84
2.56
2.82
2.13
1.86
1.53
2.47
3.15
1.04
2.92
0.80
0.77
2.18
0.42
1.64
1.62
3.24
3.90
3.13
2.66
2.76
2.85
2.42
2.02
2.40
5.33
2.13
1.94
0.66
2.85
3.27
1.38
1.58
1.66
1.75
0.47
2.36
2.33
1.57
1.95
1.78
2.74
1.28
2.21
1.54
2.23
1.12
1.91
1.37
3.42
2.31
2.46
1.98
2.76
2.01
1.94
2.55
2.46
2.51
2.18
3.42
5.84
3.42
3.34
1.76
2.63
5.34
4.41
2.68
3.40
1.68
0.85
2.14
1.17
1.83
2.32
3.83
2.41
2.23
1.46
3.02
1.34
1.19
2.31
2.82
2.84
2.55
1.92
3.12
2.00
1.13
1.96
2.01
1.05
0.73
0.94
1.21
2.24
2.00
2.35
1.04
1.17
2.03
0.89
2.07
1.53
1.05
1.95
2.99
3.74
5.99
3.92
3.70
2.75
3.45
1.88
2.39
2.15
0.53
1.60
1.79
3.04
2.52
3.64
3.12
1.82
2.76
0.76
1.03
0.70
0.63
1.06
1.61
3.39
2.61
2.90
2.64
0.82
1.64
1.25
2.30
2.42
0.38
0.60
0.51
1.67
1.02
0.59
1.28
0.89
0.55
1.56
1.75
2.48
2.31
3.00
1.25
1.61
1.27
3.44
2.84
2.72
2.59
1.65
1.46
0.42
1.11
1.36
1.63
0.85
1.66
2.34
3.34
2.77
3.71
1.74
2.53
1.57
1.39
2.02
1.70
2.01
2.08
2.06
0.93
3.33
1.78
1.99
1.32
3.08
2.96
1.74
1.14
3.81
4.98
4.75
2.66
1.45
4.09
2.66
3.76
1.16
3.94
1.88
3.35
2.53
0.78
2.56
3.94
2.58
2.75
2.40
3.14
1.71
1.49
2.71
0.92
2.21
2.71
2.32
1.20
1.68
1.27
0.94
1.00
1.00
2.85
1.92
2.44
3.04
3.01
2.02
2.79
3.55
2.94
4.48
2.62
2.71
5.61
4.08
4.31
2.17
1.78
0.87
4.07
4.67
4.81
3.16
3.45
3.00
1.94
2.71
1.31
3.24
5.07
3.53
4.55
2.62
2.68
0.93
1.63
2.59
0.88
1.08
2.42
3.48
2.90
4.91
5.20
4.49
2.75
4.37
3.64
2.64
1.16
1.51
9.96
3.12
0.83
2.41
2.82
3.54
3.56
3.98
1.67
3.70
4.51
3.79
2.74
1.99
3.37
5.43
5.01
3.30
3.11
2.49
1.03
3.47
5.32
3.34
2.13
2.60
1.23
1.15
2.32
1.50
2.87
4.14
3.36
6.94
5.28
5.27
5.07
4.44
5.46
3.32
5.25
3.57
2.87
3.73
4.84
3.73
4.69
3.49
1.82
1.04
2.37
3.31
3.86
2.40
3.91
5.31
3.83
3.06
3.62
1.08
3.36
6.77
2.44
2.73
2.28
1.04
0.78
5.21
3.19
3.46
0.80
3.36
6.09
5.05
3.77
3.16
3.46
2.41
3.61
3.48
2.55
2.37
2.12
2.83
2.79
5.47
6.07
3.27
3.18
1.14
2.72
4.54
2.77
4.22
5.87
6.97
5.19
5.06
1.85
5.02
4.96
5.30
3.46
2.75
3.50
3.36
4.97
3.11
5.16
4.65
2.88
2.86
3.11
4.66
2.54
9.06
2.76
7.54
5.24
6.16
2.82
4.59
4.82
6.59
3.54
2.94
3.11
2.22
3.55
4.99
2.48
1.79
3.39
2.66
2.64
3.75
2.50
1.99
2.37
2.03
1.24
2.60
2.87
3.17
3.81
2.34
2.10
2.54
1.73
6.01
2.74
4.40
4.34
2.83
2.41
2.38
2.65
3.64
3.36
3.91
3.33
6.58
2.95
3.97
7.20
4.20
4.54
4.87
9.08
12.89
9.82
5.10
1.59
4.08
5.13
3.78
2.64
5.97
3.56
8.96
8.01
8.80
8.98
4.17
2.97
4.53
4.62
7.54
20.14
17.06
4.89
3.41
5.47
6.46
9.10
5.55
6.66
2.26
5.04
4.30
3.82
4.17
2.32
2.31
3.65
4.75
2.69
2.94
2.20
2.71
3.52
3.54
3.78
4.41
4.35
4.92
4.03
1.87
2.58
2.83
3.87
5.04
4.47
4.29
6.53
5.77
4.96
9.02
6.93
8.21
6.58
4.10
2.96
3.21
3.05
3.27
4.32
5.05
2.66
6.78
7.09
3.76
4.36
3.03
2.68
4.19
2.92
3.04
3.21
2.53
2.90
4.06
6.82
3.71
2.84
2.76
6.98
6.60
4.82
8.62
5.06
8.03
4.79
7.44
12.73
11.55
3.22
5.50
4.49
3.15
2.88
2.90
2.82
3.37
4.00
5.20
4.85
3.38
3.21
3.04
3.89
2.60
3.66
4.76
4.46
4.21
6.08
6.58
2.72
2.81
6.38
2.65
1.72
3.30
2.88
2.79
3.73
1.84
2.92
2.27
6.30
2.70
2.66
4.38
2.80
2.54
4.03
2.77
3.54
6.01
3.07
2.19
2.50
2.53
2.15
3.74
2.52
3.79
3.12
3.77
7.75
6.02
2.79
3.88
2.98
3.47
5.16
4.70
7.30
8.01
8.44
5.44
3.75
3.58
3.83
2.57
2.63
3.60
6.03
7.64
4.88
2.44
3.23
6.97
3.58
3.51
5.26
1.68
4.34
2.34
2.80
3.29
2.62
4.49
5.86
5.91
4.67
7.34
6.91
7.53
2.89
5.06
3.56
5.60
3.40
3.07
3.05
3.50
6.08
4.91
4.89
4.32
5.56
6.97
6.61
6.85
8.10
2.58
2.71
2.90
3.02
2.59
2.55
3.71
7.53
3.12
4.80
2.12
4.46
6.32
3.11
4.08
2.55
9.18
2.12
4.63
2.55
5.41
3.61
3.64
3.06
2.93
2.97
2.49
2.77
3.62
4.35
2.55
3.55
5.10
3.25
1.86
2.19
1.57
1.55
3.63
1.30
2.57
2.88
1.56
0.46
3.91
2.48
2.21
1.75
1.81
1.21
1.81
2.49
1.96
3.35
3.29
2.71
2.30
2.13
2.19
1.47
3.30
1.24
1.88
2.17
1.25
1.60
1.55
2.42
1.04
1.36
3.02
2.67
1.35
6.74
3.91
1.44
1.20
3.06
2.74
1.20
2.18
1.71
1.59
2.64
4.95
1.27
1.11
0.99
0.66
0.56
1.48
3.14
2.83
0.44
1.15
1.92
7.60
9.30
8.27
5.30
6.32
5.08
4.49
4.77
6.90
5.11
7.48
3.94
5.73
2.79
7.09
6.01
5.19
7.07
9.79
2.97
4.46
3.19
2.89
2.72
4.84
5.66
3.39
3.24
2.75
4.55
3.30
7.79
2.76
4.14
6.86
3.78
3.29
5.12
2.75
3.63
5.29
3.02
4.31
3.52
3.06
2.94
7.26
7.04
3.47
2.71
3.82
4.53
2.66
3.88
7.67
8.52
2.78
7.48
5.32
5.54
7.85
9.29
4.39
4.21
7.48
16.13
10.00
2.89
7.61
3.77
5.18
2.75
3.70
2.55
5.96
7.25
7.32
8.46
8.18
11.57
8.93
6.23
2.81
11.24
10.30
5.37
7.78
11.41
16.26
12.08
7.71
7.45
7.09
6.58
2.64
9.94
8.66
4.24
2.77
3.23
3.21
1.23
0.74
2.58
3.45
2.25
7.16
5.55
2.82
3.99
2.87
2.61
3.93
6.16
6.48
8.51
3.73
5.14
9.39
8.14
4.24
3.07
5.25
2.41
4.81
4.62
4.64
4.64
6.76
8.88
11.59
10.14
5.32
5.65
6.87
3.12
5.64
2.91
3.14
5.79
6.67
2.92
2.85
4.58
4.31
6.66
6.26
4.14
2.64
6.89
3.05
4.54
4.73
4.73
6.30
3.37
2.88
8.95
6.21
7.41
9.10
5.78
6.21
6.74
4.21
13.59
7.76
4.94
4.03
3.79
9.50
2.64
2.66
3.36
4.99
7.67
8.08
2.67
3.86
3.92
4.34
3.71
2.76
2.85
6.21
4.11
2.61
5.29
4.64
6.15
2.65
3.81
6.14
6.35
5.20
3.71
2.97
3.89
2.71
2.44
2.14
4.80
4.66
6.87
3.14
6.93
5.32
3.30
2.83
3.04
6.07
2.95
5.58
6.53
7.95
3.92
2.82
2.59
3.43
2.45
2.89
7.15
2.61
3.77
5.60
5.92
2.57
11.30
11.38
11.30
6.67
13.48
3.94
4.39
5.17
6.04
7.02
5.65
8.21
14.60
6.89
5.46
5.14
3.11
7.29
7.19
4.12
6.06
5.02
5.88
4.32
4.41
3.31
3.65
4.77
2.89
6.03
5.71
5.03
4.37
6.04
2.79
3.51
4.53
2.52
3.68
4.85
6.16
6.39
10.47
4.32
6.40
4.64
4.75
4.18
6.80
6.97
5.47
4.97
5.18
2.65
3.78
4.13
2.82
3.24
3.64
10.21
6.01
3.56
2.76
7.86
4.58
6.57
11.42
12.67
2.62
1.91
2.92
7.95
9.67
3.69
8.15
3.17
2.62
5.09
10.52
2.68
4.28
2.80
5.92
4.22
1.08
0.97
3.28
4.10
4.60
5.42
2.70
2.31
1.67
2.14
1.22
1.82
1.76
0.75
0.87
1.12
1.73
0.44
0.42
1.72
1.96
1.45
1.09
1.28
3.05
2.60
0.49
1.39
2.57
2.50
3.79
4.92
2.93
2.47
2.47
2.11
0.98
2.23
2.05
1.16
0.91
1.19
2.05
0.75
2.08
1.82
1.85
1.77
2.23
0.83
0.92
0.87
1.73
0.76
1.46
2.52
1.75
0.50
0.72
0.93
0.89
0.69
1.34
1.55
1.08
1.56
2.55
3.08
1.72
1.99
2.11
1.36
0.49
0.77
0.83
1.14
1.98
0.53
2.52
1.56
1.59
3.73
1.16
0.91
2.29
1.14
1.18
1.04
1.26
2.90
1.28
0.42
0.77
4.94
2.01
3.60
3.15
0.50
1.55
2.23
1.01
1.18
1.74
0.95
2.37
0.52
1.14
0.94
0.98
0.92
0.71
0.99
2.57
1.06
1.97
1.09
2.04
1.45
1.29
3.02
0.92
2.42
0.72
0.68
0.93
2.22
0.82
2.20
2.28
2.81
3.09
0.53
2.47
2.28
0.85
0.90
1.15
2.07
1.90
1.08
0.93
1.44
2.10
2.01
0.63
2.05
2.37
1.54
1.92
1.21
2.56
0.89
2.16
1.82
1.99
3.13
3.46
2.87
2.33
2.24
3.35
1.86
1.63
2.33
2.64
2.59
5.92
1.26
0.75
1.05
1.37
2.59
1.94
1.04
4.65
1.88
2.49
1.37
1.55
0.91
1.88
2.36
2.14
0.84
1.75
1.96
2.70
3.49
3.99
2.43
2.51
3.32
2.29
3.34
1.83
1.95
1.34
1.26
2.44
2.83
1.24
2.09
2.57
2.24
1.08
1.25
0.86
1.33
2.38
2.42
1.49
3.24
2.96
2.34
3.28
3.58
1.21
1.47
5.96
6.07
2.97
1.52
1.46
1.18
3.17
1.60
2.06
1.41
1.20
3.35
0.40
3.37
1.14
2.15
2.16
2.40
1.19
3.93
4.68
1.54
3.37
1.87
2.81
2.51
2.47
2.85
2.44
1.77
2.94
3.50
1.79
2.26
1.01
2.76
0.90
0.98
1.00
1.85
2.45
3.71
2.14
2.31
2.38
1.41
5.67
3.24
3.02
2.76
2.02
2.27
1.73
4.50
5.22
5.45
3.50
1.52
1.46
1.96
1.01
1.21
2.56
3.36
3.15
3.34
1.43
1.67
0.98
1.18
0.94
3.31
3.37
3.23
3.94
0.40
3.36
4.50
5.09
3.14
3.45
1.17
1.20
3.00
1.70
4.35
4.92
11.02
9.49
11.02
6.26
4.45
4.25
4.35
4.21
2.57
5.24
2.63
4.21
5.57
9.86
4.31
7.86
8.51
4.53
7.52
2.22
4.25
3.24
3.26
4.51
3.79
4.29
7.52
4.32
5.78
11.76
7.95
8.88
6.47
3.41
4.71
2.84
2.97
4.59
2.68
5.45
5.61
2.84
2.99
3.24
3.14
3.74
4.55
3.71
4.37
2.81
6.33
8.60
12.34
2.84
6.94
3.21
3.42
2.87
4.20
5.88
8.01
6.67
6.95
5.78
3.74
7.18
3.56
8.54
10.67
6.14
9.78
8.45
4.85
4.47
3.04
6.49
5.08
4.47
3.30
3.03
3.22
3.17
4.12
3.04
3.75
3.02
11.42
8.21
9.82
11.98
12.62
11.95
11.47
14.60
13.18
9.30
12.84
4.16
4.25
3.77
7.94
6.39
2.71
7.72
5.62
13.81
7.81
8.49
4.84
5.90
4.36
5.51
4.25
3.52
8.02
11.35
4.05
3.68
7.79
8.03
4.78
9.13
13.53
11.45
6.06
8.53
7.88
7.40
3.96
5.15
3.35
3.57
4.92
3.19
3.46
5.53
6.27
9.59
8.94
4.66
3.39
3.75
7.14
5.45
3.77
5.69
3.40
5.51
6.10
5.19
10.26
11.02
7.38
8.06
5.80
6.59
6.94
3.77
4.54
13.18
11.15
8.10
7.40
5.97
11.65
8.86
4.95
8.28
5.94
4.62
5.46
8.55
8.33
12.44
9.51
7.96
12.48
5.09
9.37
8.22
10.98
12.43
9.39
3.06
5.26
9.70
6.21
8.75
7.86
10.87
10.95
8.32
9.01
4.36
4.71
5.35
11.63
7.33
4.54
11.27
11.96
7.27
